0: 2.94,0,0,2,-1,-2,3,0,0,1,2,2,-3,-3,1,0,3,0,-1,0,3,4,-4,2,4,-6,-7,-16,0,0,-2,0,0,5,0,2,2,1,-1,-5,3,-1,0,4,6,2,0,-1,2,2,-2,-2,-1,1,4,0,-7,-8,2,4,4,1,0,-7,1,1,0,2,1,0,0,0,0,0,0,1,0,0,0,1,0,1,-1,-2,0,1,0,0,0,1,0,0,0,0,0,0,0,0,0,0,0,0,0,0,0,0,0,0,0,0,0,0,0,0,0,0,0,0,0,0,0,0,0,0,0,0,0,0,0,0,0,0,0,0,0,0,0,0,0,0,0,0,0,0,0,0,0,0,0,0,0,0,0,0,0,0,0,0,0,0,0,0,0,0,0,0,0,0,0,0,0,0,0,0,0,0,0,0,0,0,0,0,0,0,0,0,0,0,0,0,0,0,0,0,0,0,0
1: 1.94,0,0,0,1,-1,1,0,0,1,3,0,-4,-2,-2,0,-7,0,-1,0,1,0,0,1,1,1,-1,-11,0,0,-2,0,0,2,0,2,1,1,1,2,2,-1,1,2,4,3,0,0,3,1,-1,-2,0,1,1,0,-5,0,0,0,2,2,0,-6,0,1,0,1,1,0,0,0,0,0,0,1,0,0,0,1,1,-1,0,-2,0,0,0,0,0,1,0,0,0,0,0,0,0,0,0,0,0,60,-30,-60,90,0,0,30,60,60,-90,-90,30,0,90,0,-30,0,90,120,-120,60,120,-180,-209,-479,0,0,-60,0,0,150,0,60,60,30,-30,-150,90,-30,0,120,180,60,0,-30,60,60,-60,-60,-30,30,120,0,-209,-239,60,120,120,30,0,-209,30,30,0,60,30,0,0,0,0,0,0,30,0,0,0,30,0,30,-30,-60,0,30,0,0,0,30,0,0,0,0,0,0,0,0,0
2: 1.46,0,0,0,-3,-1,1,0,-1,1,0,0,-4,-1,0,0,2,0,-1,0,1,0,1,1,-1,-1,2,-4,0,0,-1,1,0,4,-1,3,-1,1,1,-3,1,0,0,1,3,3,0,1,1,2,-1,-3,-1,-1,1,0,-3,-4,0,1,1,2,0,-4,0,1,0,1,1,0,0,0,0,0,0,1,0,0,0,1,2,-1,1,-2,0,-2,0,0,0,1,0,0,0,0,0,0,0,0,0,0,0,39,0,-59,79,0,0,39,99,39,-138,-99,-20,0,-79,0,-39,0,79,79,-79,59,99,-99,-158,-532,0,0,-79,0,0,138,0,79,59,39,0,-59,99,-39,20,118,197,99,0,-20,99,59,-59,-79,-20,39,99,0,-237,-158,39,79,118,59,0,-256,20,39,0,59,39,0,0,0,0,0,0,39,0,0,0,39,20,0,-20,-79,0,20,0,0,0,39,0,0,0,0,0,0,0,0,0
3: 1.22,0,0,0,2,-2,1,0,-1,0,0,1,-1,0,0,0,-3,0,-1,0,1,0,-1,2,0,2,-3,-3,0,0,-3,1,1,1,-1,1,0,1,0,3,1,1,-1,2,2,2,0,0,2,0,-2,-2,-1,-1,1,-1,-2,-1,0,2,0,0,0,-3,0,1,0,1,1,0,0,0,0,0,-1,1,0,0,0,1,2,-1,1,-2,0,-2,0,0,0,1,0,0,0,0,0,0,0,0,0,0,0,32,-48,-63,79,0,-16,48,79,32,-174,-95,-16,0,-32,0,-48,0,79,63,-48,63,63,-95,-95,-492,0,0,-79,16,0,174,-16,111,32,48,16,-95,95,-32,16,111,206,127,0,0,95,79,-63,-111,-32,16,95,0,-238,-190,32,79,111,79,0,-270,16,48,0,63,48,0,0,0,0,0,0,48,0,0,0,48,48,-16,0,-95,0,-16,0,0,0,48,0,0,0,0,0,0,0,0,0
4: 1.05,0,0,0,-1,-1,1,0,0,0,0,1,-2,0,0,0,-1,0,-1,0,1,0,-2,2,-2,0,1,-2,0,0,-2,1,1,1,-1,2,0,1,1,-2,1,0,0,2,2,1,-2,0,1,0,1,-2,-1,-1,1,-1,-2,-1,0,2,1,0,0,-2,1,1,0,1,1,0,0,0,0,0,-1,1,0,0,0,1,2,-1,1,-2,0,-2,0,0,0,1,0,0,0,0,0,0,0,0,0,0,0,28,-14,-83,83,0,-28,41,69,41,-166,-83,-14,0,-69,0,-55,0,83,55,-55,83,55,-55,-124,-469,0,0,-110,28,14,166,-28,110,28,55,14,-41,97,-14,0,124,207,138,0,0,110,69,-83,-124,-41,0,97,-14,-235,-179,28,97,97,69,0,-276,14,55,0,69,55,0,0,0,0,0,-14,55,0,0,0,55,69,-28,14,-110,0,-41,0,0,0,55,0,0,0,0,0,0,0,0,0
5: 0.963,0,0,0,-1,-1,1,0,0,0,0,1,-2,0,0,0,1,0,-1,0,1,0,-1,2,-2,-1,-1,-2,0,0,-2,1,1,1,-1,2,0,1,1,-1,1,0,0,1,2,0,-2,0,1,0,1,-2,-1,-1,1,0,-2,-1,0,2,1,0,0,-2,1,1,0,1,1,0,0,0,0,0,-1,1,0,0,0,1,1,-1,1,-2,0,-1,0,0,0,1,0,0,0,0,0,0,0,0,0,0,0,25,-25,-86,86,0,-25,37,62,49,-172,-74,-12,0,-74,0,-62,0,86,49,-74,98,25,-49,-98,-443,0,0,-123,37,25,160,-37,123,25,62,25,-62,98,-12,0,135,209,135,-25,0,111,62,-62,-135,-49,-12,98,-25,-234,-172,25,111,98,62,0,-271,25,62,0,74,62,0,0,0,0,0,-25,62,0,0,0,62,86,-37,25,-123,0,-62,0,0,0,62,0,0,0,0,0,0,0,0,0
6: 0.873,0,0,0,-1,-1,1,0,0,0,0,0,-1,-1,0,0,-1,0,-1,0,1,-2,1,2,0,-1,0,-1,0,0,-2,1,1,1,-1,2,-1,1,1,-1,1,0,0,1,2,0,-1,0,1,0,0,-2,-1,-1,0,0,-2,0,0,2,1,0,0,-2,0,1,0,1,1,0,0,0,0,0,-1,1,0,0,0,1,1,-1,1,-1,0,-1,0,0,0,1,0,0,0,0,0,0,0,0,0,0,0,22,-33,-89,89,0,-22,33,56,56,-178,-67,-11,0,-56,0,-67,0,89,44,-78,111,0,-56,-100,-422,0,0,-133,44,33,156,-44,133,22,67,33,-67,100,-11,0,133,211,122,-44,0,111,56,-44,-144,-56,-22,100,-22,-233,-167,22,122,100,56,0,-267,33,67,0,78,67,0,0,0,0,0,-33,67,0,0,0,67,89,-44,33,-133,0,-67,0,0,0,67,0,0,0,0,0,0,0,0,0
7: 0.732,0,0,0,1,0,1,0,0,0,0,0,-2,0,0,0,0,0,-1,0,1,0,0,1,0,0,-1,-1,0,0,-1,0,0,1,-1,1,-1,1,1,1,1,0,0,1,2,0,-1,0,0,0,0,-2,-1,-1,1,0,-2,0,0,0,1,-1,-1,-1,0,1,0,1,1,0,0,0,0,0,-1,1,0,0,0,1,1,-1,0,-1,0,-1,0,0,0,1,0,0,0,0,0,0,0,0,0,0,0,21,-41,-92,92,0,-21,31,51,51,-174,-72,-10,0,-62,0,-72,0,92,21,-62,123,0,-62,-92,-400,0,0,-144,51,41,154,-51,144,10,72,41,-72,103,-10,0,133,215,113,-51,0,113,51,-41,-154,-62,-31,92,-21,-236,-154,21,133,103,51,0,-267,31,72,0,82,72,0,0,0,0,0,-41,72,0,0,0,72,92,-51,41,-133,0,-72,0,0,0,72,0,0,0,0,0,0,0,0,0
8: 0.703,0,0,0,1,0,1,0,0,0,0,-1,-1,-1,0,0,0,0,-1,0,1,-1,1,1,0,0,-1,-1,0,0,0,0,0,1,-1,1,-1,1,1,-1,1,0,0,1,2,0,-1,0,0,0,0,-2,-1,-1,1,0,-1,0,0,0,1,0,-1,-1,0,1,0,1,1,0,0,0,0,0,-1,1,0,0,0,1,1,-1,0,-1,0,-1,0,0,0,1,0,0,0,0,0,0,0,0,0,0,0,19,-29,-87,96,0,-19,29,48,48,-183,-67,-10,0,-58,0,-77,0,96,19,-58,125,0,-58,-96,-386,0,0,-145,48,39,154,-58,145,0,77,48,-58,106,-10,0,135,222,106,-58,0,106,48,-39,-164,-67,-39,96,-19,-241,-145,19,125,106,39,-10,-260,29,77,0,87,77,0,0,0,0,0,-48,77,0,0,0,77,96,-58,39,-135,0,-77,0,0,0,77,0,0,0,0,0,0,0,0,0
9: 0.642,0,0,0,1,0,1,0,0,0,0,0,-1,-1,0,0,0,0,-1,0,1,-1,0,1,0,-1,-1,-1,0,0,0,0,0,1,-1,1,0,1,1,-1,1,0,0,1,1,0,-1,0,0,0,0,-1,-1,-1,1,0,-1,0,0,0,1,0,-1,-1,0,1,0,1,1,0,0,0,0,0,-1,1,0,0,0,1,1,-1,0,-1,0,-1,0,0,0,1,0,0,0,0,0,0,0,0,0,0,0,18,-18,-82,100,0,-18,27,46,37,-183,-73,-9,0,-55,0,-82,0,100,9,-46,128,0,-55,-100,-374,0,0,-137,46,37,155,-64,146,-9,82,55,-64,110,-9,0,137,228,100,-64,0,100,46,-37,-173,-73,-46,100,-18,-237,-137,18,119,110,37,-18,-256,27,82,0,91,82,0,0,0,0,0,-55,82,0,0,0,82,100,-64,37,-137,0,-82,0,0,0,82,0,0,0,0,0,0,0,0,0
10: 0.609,0,0,0,0,0,1,0,0,0,0,0,-1,-1,0,0,0,0,-1,0,1,-1,0,1,0,0,0,-1,0,0,0,0,0,1,-1,1,0,1,1,0,1,0,0,1,1,0,-1,0,0,0,-1,-1,-1,-1,0,0,-1,0,0,0,1,0,-1,-1,0,1,0,1,1,0,0,0,0,0,-1,1,0,0,0,1,1,-1,0,-1,0,-1,0,0,0,1,0,0,0,0,0,0,0,0,0,0,0,17,-9,-78,104,0,-17,26,43,35,-182,-78,-9,0,-52,0,-87,0,104,0,-43,130,0,-61,-104,-364,0,0,-130,43,35,156,-69,147,-9,87,61,-69,113,-9,0,139,226,95,-69,0,95,43,-35,-173,-78,-52,104,-17,-234,-130,17,113,113,35,-26,-252,26,87,0,95,87,0,0,0,0,0,-61,87,0,0,0,87,104,-69,35,-139,0,-87,0,0,0,87,0,0,0,0,0,0,0,0,0
11: 0.609,0,0,0,0,0,1,0,0,0,0,0,-1,-1,0,0,0,0,-1,0,1,-1,0,1,0,0,0,-1,0,0,0,0,0,1,-1,1,0,1,1,0,1,0,0,1,1,0,-1,0,0,0,-1,-1,-1,-1,0,0,-1,0,0,0,1,0,-1,-1,0,1,0,1,1,0,0,0,0,0,-1,1,0,0,0,1,1,-1,0,-1,0,-1,0,0,0,1,0,0,0,0,0,0,0,0,0,0,0,17,-8,-75,108,0,-17,25,41,33,-182,-83,-8,0,-50,0,-91,0,108,-8,-41,132,0,-58,-99,-356,0,0,-124,41,33,157,-75,149,-8,91,66,-66,116,-8,0,141,224,91,-75,0,91,41,-41,-174,-83,-58,99,-17,-232,-124,17,108,116,33,-33,-248,25,91,0,99,91,0,0,0,0,0,-66,91,0,0,0,91,108,-75,33,-141,0,-91,0,0,0,91,0,0,0,0,0,0,0,0,0
12: 0.609,0,0,0,0,0,1,0,0,0,0,0,-1,-1,0,0,0,0,-1,0,1,-1,0,1,0,0,0,-1,0,0,0,0,0,1,-1,1,0,1,1,0,1,0,0,1,1,0,-1,0,0,0,-1,-1,-1,-1,0,0,-1,0,0,0,1,0,-1,-1,0,1,0,1,1,0,0,0,0,0,-1,1,0,0,0,1,1,-1,0,-1,0,-1,0,0,0,1,0,0,0,0,0,0,0,0,0,0,0,16,-8,-71,111,0,-16,24,40,32,-182,-87,-8,0,-47,0,-95,0,111,-16,-40,134,0,-55,-95,-348,0,0,-119,40,32,158,-79,150,-8,95,71,-63,119,-8,0,142,221,87,-79,0,87,40,-47,-174,-87,-63,95,-16,-229,-119,16,103,119,32,-40,-245,24,95,0,103,95,0,0,0,0,0,-71,95,0,0,0,95,111,-79,32,-142,0,-95,0,0,0,95,0,0,0,0,0,0,0,0,0
13: 0.609,0,0,0,0,0,1,0,0,0,0,0,-1,-1,0,0,0,0,-1,0,1,-1,0,1,0,0,0,-1,0,0,0,0,0,1,-1,1,0,1,1,0,1,0,0,1,1,0,-1,0,0,0,-1,-1,-1,-1,0,0,-1,0,0,0,1,0,-1,-1,0,1,0,1,1,0,0,0,0,0,-1,1,0,0,0,1,1,-1,0,-1,0,-1,0,0,0,1,0,0,0,0,0,0,0,0,0,0,0,15,-8,-68,113,0,-15,23,38,30,-182,-91,-8,0,-45,0,-98,0,113,-23,-38,136,0,-53,-91,-340,0,0,-113,38,30,159,-83,151,-8,98,76,-61,121,-8,0,144,219,83,-83,0,83,38,-53,-174,-91,-68,91,-15,-227,-113,15,98,121,30,-45,-242,23,98,0,106,98,0,0,0,0,0,-76,98,0,0,0,98,113,-83,30,-144,0,-98,0,0,0,98,0,0,0,0,0,0,0,0,0
14: 0.609,0,0,0,0,0,1,0,0,0,0,0,-1,-1,0,0,0,0,-1,0,1,-1,0,1,0,0,0,-1,0,0,0,0,0,1,-1,1,0,1,1,0,1,0,0,1,1,0,-1,0,0,0,-1,-1,-1,-1,0,0,-1,0,0,0,1,0,-1,-1,0,1,0,1,1,0,0,0,0,0,-1,1,0,0,0,1,1,-1,0,-1,0,-1,0,0,0,1,0,0,0,0,0,0,0,0,0,0,0,14,-7,-65,116,0,-14,22,36,29,-181,-94,-7,0,-43,0,-101,0,116,-29,-36,138,0,-51,-87,-333,0,0,-109,36,29,159,-87,152,-7,101,80,-58,123,-7,0,145,217,80,-87,0,80,36,-58,-174,-94,-72,87,-14,-225,-109,14,94,123,29,-51,-239,22,101,0,109,101,0,0,0,0,0,-80,101,0,0,0,101,116,-87,29,-145,0,-101,0,0,0,101,0,0,0,0,0,0,0,0,0
15: 0.609,0,0,0,0,0,1,0,0,0,0,0,-1,-1,0,0,0,0,-1,0,1,-1,0,1,0,0,0,-1,0,0,0,0,0,1,-1,1,0,1,1,0,1,0,0,1,1,0,-1,0,0,0,-1,-1,-1,-1,0,0,-1,0,0,0,1,0,-1,-1,0,1,0,1,1,0,0,0,0,0,-1,1,0,0,0,1,1,-1,0,-1,0,-1,0,0,0,1,0,0,0,0,0,0,0,0,0,0,0,14,-7,-63,118,0,-14,21,35,28,-181,-97,-7,0,-42,0,-104,0,118,-35,-35,139,0,-49,-83,-326,0,0,-104,35,28,160,-90,153,-7,104,83,-56,125,-7,0,146,215,76,-90,0,76,35,-63,-174,-97,-76,83,-14,-222,-104,14,90,125,28,-56,-236,21,104,0,111,104,0,0,0,0,0,-83,104,0,0,0,104,118,-90,28,-146,0,-104,0,0,0,104,0,0,0,0,0,0,0,0,0
16: 0.609,0,0,0,0,0,1,0,0,0,0,0,-1,-1,0,0,0,0,-1,0,1,-1,0,1,0,0,0,-1,0,0,0,0,0,1,-1,1,0,1,1,0,1,0,0,1,1,0,-1,0,0,0,-1,-1,-1,-1,0,0,-1,0,0,0,1,0,-1,-1,0,1,0,1,1,0,0,0,0,0,-1,1,0,0,0,1,1,-1,0,-1,0,-1,0,0,0,1,0,0,0,0,0,0,0,0,0,0,0,13,-7,-60,120,0,-13,20,33,27,-180,-100,-7,0,-40,0,-107,0,120,-40,-33,140,0,-47,-80,-320,0,0,-100,33,27,160,-93,153,-7,107,87,-53,127,-7,0,147,213,73,-93,0,73,33,-67,-173,-100,-80,80,-13,-220,-100,13,87,127,27,-60,-233,20,107,0,113,107,0,0,0,0,0,-87,107,0,0,0,107,120,-93,27,-147,0,-107,0,0,0,107,0,0,0,0,0,0,0,0,0
17: 0.609,0,0,0,0,0,1,0,0,0,0,0,-1,-1,0,0,0,0,-1,0,1,-1,0,1,0,0,0,-1,0,0,0,0,0,1,-1,1,0,1,1,0,1,0,0,1,1,0,-1,0,0,0,-1,-1,-1,-1,0,0,-1,0,0,0,1,0,-1,-1,0,1,0,1,1,0,0,0,0,0,-1,1,0,0,0,1,1,-1,0,-1,0,-1,0,0,0,1,0,0,0,0,0,0,0,0,0,0,0,13,-6,-58,122,0,-13,19,32,26,-179,-102,-6,0,-38,0,-109,0,122,-45,-32,141,0,-45,-77,-314,0,0,-96,32,26,160,-96,154,-6,109,90,-51,128,-6,0,147,211,70,-96,0,70,32,-70,-173,-102,-83,77,-13,-218,-96,13,83,128,26,-64,-231,19,109,0,115,109,0,0,0,0,0,-90,109,0,0,0,109,122,-96,26,-147,0,-109,0,0,0,109,0,0,0,0,0,0,0,0,0
18: 0.609,0,0,0,0,0,1,0,0,0,0,0,-1,-1,0,0,0,0,-1,0,1,-1,0,1,0,0,0,-1,0,0,0,0,0,1,-1,1,0,1,1,0,1,0,0,1,1,0,-1,0,0,0,-1,-1,-1,-1,0,0,-1,0,0,0,1,0,-1,-1,0,1,0,1,1,0,0,0,0,0,-1,1,0,0,0,1,1,-1,0,-1,0,-1,0,0,0,1,0,0,0,0,0,0,0,0,0,0,0,12,-6,-55,123,0,-12,18,31,25,-179,-105,-6,0,-37,0,-111,0,123,-49,-31,142,0,-43,-74,-308,0,0,-92,31,25,160,-99,154,-6,111,92,-49,129,-6,0,148,209,68,-99,0,68,31,-74,-172,-105,-86,74,-12,-216,-92,12,80,129,25,-68,-228,18,111,0,117,111,0,0,0,0,0,-92,111,0,0,0,111,123,-99,25,-148,0,-111,0,0,0,111,0,0,0,0,0,0,0,0,0
19: 0.609,0,0,0,0,0,1,0,0,0,0,0,-1,-1,0,0,0,0,-1,0,1,0,0,1,0,0,0,-1,0,0,0,0,0,0,-1,1,0,1,1,0,1,0,0,1,1,0,-1,0,0,0,-1,-1,-1,0,0,0,-2,0,0,0,1,0,-1,-1,0,1,0,1,1,0,0,0,0,0,-1,1,0,0,0,1,1,-1,0,-1,0,-1,0,0,0,1,0,0,0,0,0,0,0,0,0,0,0,12,-6,-53,125,0,-12,18,30,24,-178,-107,-6,0,-36,0,-113,0,125,-53,-30,142,0,-42,-71,-303,0,0,-89,30,24,160,-101,154,-6,113,95,-47,131,-6,0,148,208,65,-101,0,65,30,-77,-172,-107,-89,71,-12,-214,-89,12,77,131,24,-71,-225,18,113,0,119,113,0,0,0,0,0,-95,113,0,0,0,113,125,-101,24,-148,0,-113,0,0,0,113,0,0,0,0,0,0,0,0,0
20: 0.609,0,0,0,0,0,1,0,0,0,0,0,-1,-1,0,0,0,0,-1,0,1,0,0,1,0,0,0,-1,0,0,0,0,0,0,-1,1,0,1,1,0,1,0,0,1,1,0,-1,0,0,0,-1,-1,-1,0,0,0,-2,0,0,0,1,0,-1,-1,0,1,0,1,1,0,0,0,0,0,-1,1,0,0,0,1,1,-1,0,-1,0,-1,0,0,0,1,0,0,0,0,0,0,0,0,0,0,0,11,-6,-52,126,0,-11,17,29,23,-177,-109,-6,0,-34,0,-114,0,126,-52,-29,143,0,-40,-69,-298,0,0,-86,29,23,155,-103,155,-6,114,97,-46,132,-6,0,149,206,63,-103,0,63,29,-80,-172,-109,-86,69,-11,-217,-86,11,74,132,23,-74,-223,17,114,0,120,114,0,0,0,0,0,-97,114,0,0,0,114,126,-103,23,-149,0,-114,0,0,0,114,0,0,0,0,0,0,0,0,0
21: 0.609,0,0,0,0,0,1,0,0,0,0,0,-1,-1,0,0,0,0,-1,0,1,0,0,1,0,0,0,-1,0,0,0,0,0,0,-1,1,0,1,1,0,1,0,0,1,1,0,-1,0,0,0,-1,-1,-1,0,0,0,-2,0,0,0,1,0,-1,-1,0,1,0,1,1,0,0,0,0,0,-1,1,0,0,0,1,1,-1,0,-1,0,-1,0,0,0,1,0,0,0,0,0,0,0,0,0,0,0,11,-6,-50,127,0,-11,17,28,22,-177,-111,-6,0,-33,0,-116,0,127,-50,-28,144,0,-39,-66,-293,0,0,-83,28,22,149,-105,155,-6,116,99,-44,133,-6,0,149,204,61,-105,0,61,28,-83,-171,-111,-83,66,-11,-221,-83,11,72,133,22,-77,-221,17,116,0,122,116,0,0,0,0,0,-99,116,0,0,0,116,127,-105,22,-149,0,-116,0,0,0,116,0,0,0,0,0,0,0,0,0
22: 0.609,0,0,0,0,0,1,0,0,0,0,0,-1,-1,0,0,0,0,-1,0,1,0,0,1,0,0,0,-1,0,0,0,0,0,0,-1,1,0,1,1,-1,1,0,0,1,1,0,-1,0,0,0,-1,-1,0,0,0,0,-2,0,0,0,1,0,-1,-1,0,1,0,1,1,0,0,0,0,0,-1,1,0,0,0,1,1,-1,0,-1,0,-1,0,0,0,1,0,0,0,0,0,0,0,0,0,0,0,11,-5,-48,128,0,-11,16,27,21,-176,-112,-5,0,-32,0,-117,0,128,-48,-27,144,0,-37,-64,-288,0,0,-80,27,21,144,-107,155,-5,117,101,-43,134,-5,0,150,203,59,-107,0,59,27,-85,-171,-112,-80,64,-11,-224,-80,11,69,134,21,-80,-219,16,117,0,123,117,0,0,0,0,0,-101,117,0,0,0,117,128,-107,21,-150,0,-117,0,0,0,117,0,0,0,0,0,0,0,0,0
23: 0.609,0,0,0,0,0,1,0,0,0,0,0,-1,-1,0,0,0,0,-1,0,1,0,0,1,0,0,0,-1,0,0,0,0,0,0,-1,1,0,1,1,-1,1,0,0,1,1,0,-1,0,0,0,-1,-1,0,0,0,0,-2,0,0,0,1,0,-1,-1,0,1,0,1,1,0,0,0,0,0,-1,1,0,0,0,1,1,-1,0,-1,0,-1,0,0,0,1,0,0,0,0,0,0,0,0,0,0,0,10,-5,-47,129,0,-10,16,26,21,-176,-114,-5,0,-31,0,-119,0,129,-47,-26,145,0,-36,-62,-284,0,0,-78,26,21,140,-109,155,-5,119,103,-47,134,-5,0,150,202,57,-109,0,57,26,-88,-171,-109,-78,62,-10,-227,-78,10,67,134,21,-83,-217,16,119,0,124,119,0,0,0,0,0,-103,119,0,0,0,119,129,-109,21,-150,0,-119,0,0,0,119,0,0,0,0,0,0,0,0,0
24: 0.609,0,0,0,0,0,1,0,0,0,0,0,-1,-1,0,0,0,0,-1,0,1,0,0,1,0,0,0,-1,0,0,0,0,0,0,-1,1,0,1,1,-1,1,0,0,1,1,0,-1,0,0,0,-1,-1,0,0,0,0,-2,0,0,0,1,0,-1,-1,0,1,0,1,1,0,0,0,0,0,-1,1,0,0,0,1,1,-1,0,-1,0,-1,0,0,0,1,0,0,0,0,0,0,0,0,0,0,0,10,-5,-45,130,0,-10,15,25,20,-175,-115,-5,0,-30,0,-120,0,130,-45,-25,145,0,-35,-60,-280,0,0,-75,25,20,135,-110,155,-5,120,105,-50,135,-5,0,150,200,55,-110,0,55,25,-90,-170,-105,-75,60,-10,-230,-75,10,65,135,20,-85,-215,15,120,0,125,120,0,0,0,0,0,-105,120,0,0,0,120,130,-110,20,-150,0,-120,0,0,0,120,0,0,0,0,0,0,0,0,0
25: 0.609,0,0,0,0,0,1,0,0,0,0,0,-1,-1,0,0,0,0,-1,0,1,0,0,1,0,0,0,-1,0,0,0,0,0,0,-1,1,0,1,1,-1,1,0,0,1,1,0,-1,0,0,0,-1,-1,0,0,0,0,-2,0,0,0,1,0,-1,-1,0,1,0,1,1,0,0,0,0,0,-1,1,0,0,0,1,1,-1,0,-1,0,-1,0,0,0,1,0,0,0,0,0,0,0,0,0,0,0,10,-5,-44,131,0,-10,15,24,19,-175,-116,-5,0,-29,0,-121,0,131,-44,-24,146,0,-34,-58,-277,0,0,-73,24,19,131,-112,155,-5,121,107,-53,136,-5,0,150,199,53,-112,0,53,24,-92,-170,-102,-73,58,-10,-233,-73,10,63,136,19,-87,-214,15,121,0,126,121,0,0,0,0,0,-107,121,0,0,0,121,131,-112,19,-150,0,-121,0,0,0,121,0,0,0,0,0,0,0,0,0
26: 0.609,0,0,0,0,0,1,0,0,0,0,0,-1,-1,0,0,0,0,-1,0,1,0,0,1,0,0,0,-1,0,0,0,0,0,0,-1,1,0,1,1,-1,1,0,0,1,1,0,-1,0,0,0,-1,-1,0,0,0,0,-2,0,0,0,1,0,-1,-1,0,1,0,1,1,0,0,0,0,0,-1,1,0,0,0,1,1,-1,0,-1,0,-1,0,0,0,1,0,0,0,0,0,0,0,0,0,0,0,9,-5,-42,132,0,-9,14,24,19,-174,-118,-5,0,-28,0,-122,0,132,-42,-24,146,0,-33,-56,-273,0,0,-71,24,19,127,-113,155,-5,122,108,-56,137,-5,0,151,198,52,-113,0,52,24,-94,-169,-99,-71,56,-9,-235,-71,9,61,137,19,-89,-212,14,122,0,127,122,0,0,0,0,0,-108,122,0,0,0,122,132,-113,19,-151,0,-122,0,0,0,122,0,0,0,0,0,0,0,0,0
27: 0.609,0,0,0,0,0,1,0,0,0,0,0,-1,-1,0,0,0,0,-1,0,1,0,0,1,0,0,0,-1,0,0,0,0,0,0,-1,1,0,1,1,-1,1,0,0,1,1,0,-1,0,0,0,-1,-1,0,0,0,0,-2,0,0,0,1,0,-1,-1,0,1,0,1,1,0,0,0,0,0,-1,1,0,0,0,1,1,-1,0,-1,0,-1,0,0,0,1,0,0,0,0,0,0,0,0,0,0,0,9,-5,-41,133,0,-9,14,23,18,-174,-119,-5,0,-27,0,-123,0,133,-41,-23,146,0,-32,-55,-270,0,0,-69,23,18,123,-114,155,-5,123,110,-59,137,-5,0,151,197,50,-114,0,50,23,-96,-169,-96,-69,55,-9,-238,-69,9,59,137,18,-91,-210,14,123,0,128,123,0,0,0,0,0,-110,123,0,0,0,123,133,-114,18,-151,0,-123,0,0,0,123,0,0,0,0,0,0,0,0,0
28: 0.609,0,0,0,0,0,1,0,0,0,0,0,-1,-1,0,0,0,0,-1,0,1,0,0,1,0,0,0,-1,0,0,0,0,0,0,-1,1,0,1,1,-1,1,0,0,1,1,0,-1,0,0,0,-1,-1,0,0,0,0,-2,0,0,0,1,0,-1,-1,0,1,0,1,1,0,0,0,0,0,-1,1,0,0,0,1,1,-1,0,-1,0,-1,0,0,0,1,0,0,0,0,0,0,0,0,0,0,0,9,-4,-40,133,0,-9,13,22,18,-173,-120,-4,0,-27,0,-124,0,133,-40,-22,147,0,-31,-53,-266,0,0,-67,22,18,120,-115,155,-4,124,111,-62,138,-4,0,151,195,49,-115,0,49,22,-98,-169,-93,-67,53,-9,-240,-67,9,58,138,18,-93,-209,13,124,0,129,124,0,0,0,0,0,-111,124,0,0,0,124,133,-115,18,-151,0,-124,0,0,0,124,0,0,0,0,0,0,0,0,0
29: 0.609,0,0,0,0,0,1,0,0,0,0,0,-1,-1,0,0,0,0,-1,0,1,0,0,1,0,0,0,-1,0,0,0,0,0,0,-1,1,0,1,1,-1,1,0,0,1,1,0,-1,0,0,0,-1,-1,0,0,0,0,-2,0,0,0,1,0,-1,-1,0,1,0,1,1,0,0,0,0,0,-1,1,0,0,0,1,1,-1,0,-1,0,-1,0,0,0,1,0,0,0,0,0,0,0,0,0,0,0,9,-4,-39,134,0,-9,13,22,17,-173,-121,-4,0,-26,0,-125,0,134,-39,-22,147,0,-30,-52,-263,0,0,-65,22,17,117,-117,155,-4,125,112,-65,138,-4,0,151,194,47,-117,0,47,22,-99,-168,-91,-65,52,-9,-242,-65,9,56,138,17,-95,-207,13,125,0,129,125,0,0,0,0,0,-112,125,0,0,0,125,134,-117,17,-151,0,-125,0,0,0,125,0,0,0,0,0,0,0,0,0
30: 0.609,0,0,0,0,0,1,0,0,0,0,0,-1,-1,0,0,0,0,-1,0,1,0,0,1,0,0,0,-1,0,0,0,0,0,0,-1,1,0,1,1,-1,1,0,0,1,1,0,-1,0,0,0,-1,-1,0,0,0,0,-2,0,0,0,1,0,-1,-1,0,1,0,1,1,0,0,0,0,0,-1,1,0,0,0,1,1,-1,0,-1,0,-1,0,0,0,1,0,0,0,0,0,0,0,0,0,0,0,8,-4,-38,134,0,-8,13,21,17,-172,-122,-4,0,-25,0,-126,0,134,-38,-21,147,0,-29,-50,-260,0,0,-63,21,17,113,-118,155,-4,126,113,-67,139,-4,0,151,193,46,-118,0,46,21,-101,-168,-88,-63,50,-8,-244,-63,8,55,139,17,-97,-206,13,126,0,130,126,0,0,0,0,0,-113,126,0,0,0,126,134,-118,17,-151,0,-126,0,0,0,126,0,0,0,0,0,0,0,0,0
31: 0.609,0,0,0,0,0,1,0,0,0,0,0,-1,-1,0,0,0,0,-1,0,1,0,0,1,0,0,0,-1,0,0,0,0,0,0,-1,1,0,1,1,-1,1,0,0,1,1,0,-1,0,0,0,-1,-1,0,0,0,0,-2,0,0,0,1,0,-1,-1,0,1,0,1,1,0,0,0,0,0,-1,1,0,0,0,1,1,-1,0,-1,0,-1,0,0,0,1,0,0,0,0,0,0,0,0,0,0,0,8,-4,-37,135,0,-8,12,20,16,-172,-123,-4,0,-25,0,-127,0,135,-37,-20,147,0,-29,-49,-257,0,0,-61,20,16,110,-119,155,-4,127,114,-69,139,-4,0,151,192,45,-119,0,45,20,-102,-168,-86,-61,49,-8,-245,-61,8,53,139,16,-98,-204,12,127,0,131,127,0,0,0,0,0,-114,127,0,0,0,127,135,-119,16,-151,0,-127,0,0,0,127,0,0,0,0,0,0,0,0,0
32: 0.609,0,0,0,0,0,1,0,0,0,0,0,-1,-1,0,0,0,0,-1,0,1,0,0,1,0,0,0,-1,0,0,0,0,0,0,-1,1,0,1,1,-1,1,0,0,1,1,0,-1,0,0,0,-1,-1,0,0,0,0,-2,0,0,0,1,0,-1,-1,0,1,0,1,1,0,0,0,0,0,-1,1,0,0,0,1,1,-1,0,-1,0,-1,0,0,0,1,0,0,0,0,0,0,0,0,0,0,0,8,-4,-36,135,0,-8,12,20,16,-171,-123,-4,0,-24,0,-127,0,135,-36,-20,147,0,-28,-48,-255,0,0,-60,20,16,107,-119,155,-4,127,115,-72,139,-4,0,151,191,44,-119,0,44,20,-104,-167,-84,-60,48,-8,-247,-60,8,52,139,16,-100,-203,12,127,0,131,127,0,0,0,0,0,-115,127,0,0,0,127,135,-119,16,-151,0,-127,0,0,0,127,0,0,0,0,0,0,0,0,0
33: 0.609,0,0,0,0,0,1,0,0,0,0,0,-1,-1,0,0,0,0,-1,0,1,0,0,1,0,0,0,-1,0,0,0,0,0,0,-1,1,0,1,1,-1,1,0,0,1,1,0,-1,0,0,0,-1,-1,0,0,0,0,-2,0,0,0,1,0,-1,-1,0,1,0,1,1,0,0,0,0,0,-1,1,0,0,0,1,1,-1,0,-1,0,-1,0,0,0,1,0,0,0,0,0,0,0,0,0,0,0,8,-4,-35,136,0,-8,12,19,16,-171,-124,-4,0,-23,0,-128,0,136,-35,-19,147,0,-27,-47,-252,0,0,-58,19,16,105,-120,155,-4,128,116,-74,140,-4,0,151,190,43,-120,0,43,19,-105,-167,-81,-58,47,-8,-248,-58,8,50,140,16,-101,-202,12,128,0,132,128,0,0,0,0,0,-116,128,0,0,0,128,136,-120,16,-151,0,-128,0,0,0,128,0,0,0,0,0,0,0,0,0
34: 0.609,0,0,0,0,0,1,0,0,0,0,0,-1,-1,0,0,0,0,-1,0,1,0,0,1,0,0,0,-1,0,0,0,0,0,0,-1,1,0,1,1,-1,1,0,0,1,1,0,-1,0,0,0,-1,-1,0,0,0,0,-2,0,0,0,1,0,-1,-1,0,1,0,1,1,0,0,0,0,0,-1,1,0,0,0,1,1,-1,0,-1,0,-1,0,0,0,1,0,0,0,0,0,0,0,0,0,0,0,8,-4,-34,136,0,-8,11,19,15,-170,-125,-4,0,-23,0,-129,0,136,-34,-19,148,0,-26,-45,-250,0,0,-57,19,15,102,-121,155,-4,129,117,-76,140,-4,0,151,189,42,-121,0,42,19,-106,-166,-79,-57,45,-8,-250,-57,8,49,140,15,-102,-201,11,129,0,132,129,0,0,0,0,0,-117,129,0,0,0,129,136,-121,15,-151,0,-129,0,0,0,129,0,0,0,0,0,0,0,0,0
35: 0.609,0,0,0,0,0,1,0,0,0,0,0,-1,-1,0,0,0,0,-1,0,1,0,0,1,0,0,0,-1,0,0,0,0,0,0,-1,1,0,1,1,-1,1,0,0,1,1,0,-1,0,0,0,-1,-1,0,0,0,0,-2,0,0,0,1,0,-1,-1,0,1,0,1,1,0,0,0,0,0,-1,1,0,0,0,1,1,-1,0,-1,0,-1,0,0,0,1,0,0,0,0,0,0,0,0,0,0,0,7,-4,-33,137,0,-7,11,18,15,-170,-126,-4,0,-22,0,-129,0,137,-33,-18,148,0,-26,-44,-247,0,0,-55,18,15,100,-122,155,-4,129,118,-78,140,-4,0,151,188,41,-122,0,41,18,-107,-166,-78,-55,44,-7,-251,-55,7,48,140,15,-103,-199,11,129,0,133,129,0,0,0,0,0,-118,129,0,0,0,129,137,-122,15,-151,0,-129,0,0,0,129,0,0,0,0,0,0,0,0,0
36: 0.609,0,0,0,0,0,1,0,0,0,0,0,-1,-1,0,0,0,0,-1,0,1,0,0,1,0,0,0,-1,0,0,0,0,0,0,-1,1,0,1,1,-1,1,0,0,1,1,0,-1,0,0,0,-1,-1,0,0,0,0,-2,0,0,0,1,0,-1,-1,0,1,0,1,1,0,0,0,0,0,-1,1,0,0,0,1,1,-1,0,-1,0,-1,0,0,0,1,0,0,0,0,0,0,0,0,0,0,0,7,-4,-32,137,0,-7,11,18,14,-169,-126,-4,0,-22,0,-130,0,137,-32,-18,148,0,-25,-43,-245,0,0,-54,18,14,97,-123,155,-4,130,119,-79,141,-4,0,151,187,40,-123,0,40,18,-108,-166,-76,-54,43,-7,-252,-54,7,47,141,14,-105,-198,11,130,0,133,130,0,0,0,0,0,-119,130,0,0,0,130,137,-123,14,-151,0,-130,0,0,0,130,0,0,0,0,0,0,0,0,0
37: 0.609,0,0,0,0,0,1,0,0,0,0,0,-1,-1,0,0,0,0,-1,0,1,0,0,1,0,0,0,-1,0,0,0,0,0,0,-1,1,0,1,1,-1,1,0,0,1,1,0,-1,0,0,0,-1,-1,0,0,0,0,-2,0,0,0,1,0,-1,-1,0,1,0,1,1,0,0,0,0,0,-1,1,0,0,0,1,1,-1,0,-1,0,-1,0,0,0,1,0,0,0,0,0,0,0,0,0,0,0,7,-4,-32,137,0,-7,11,18,14,-169,-127,-4,0,-21,0,-130,0,137,-32,-18,148,0,-25,-42,-243,0,0,-53,18,14,95,-123,155,-4,130,120,-81,141,-4,0,151,187,39,-123,0,39,18,-109,-165,-74,-53,42,-7,-253,-53,7,46,141,14,-106,-197,11,130,0,134,130,0,0,0,0,0,-120,130,0,0,0,130,137,-123,14,-151,0,-130,0,0,0,130,0,0,0,0,0,0,0,0,0
38: 0.609,0,0,0,0,0,1,0,0,0,0,0,-1,-1,0,0,0,0,-1,0,1,0,0,1,0,0,0,-1,0,0,0,0,0,0,-1,1,0,1,1,-1,1,0,0,1,1,0,-1,0,0,0,-1,-1,0,0,0,0,-2,0,0,0,1,0,-1,-1,0,1,0,1,1,0,0,0,0,0,-1,1,0,0,0,1,1,-1,0,-1,0,-1,0,0,0,1,0,0,0,0,0,0,0,0,0,0,0,7,-3,-31,138,0,-7,10,17,14,-169,-127,-3,0,-21,0,-131,0,138,-31,-17,148,0,-24,-41,-241,0,0,-52,17,14,93,-124,155,-3,131,120,-83,141,-3,0,151,186,38,-124,0,38,17,-110,-165,-72,-52,41,-7,-255,-52,7,45,141,14,-107,-196,10,131,0,134,131,0,0,0,0,0,-120,131,0,0,0,131,138,-124,14,-151,0,-131,0,0,0,131,0,0,0,0,0,0,0,0,0
39: 0.609,0,0,0,0,0,1,0,0,0,0,0,-1,-1,0,0,0,0,-1,0,1,0,0,1,0,0,0,-1,0,0,0,0,0,0,-1,1,0,1,1,-1,1,0,0,1,1,0,-1,0,0,0,-1,-1,0,0,0,0,-2,0,0,0,1,0,-1,-1,0,1,0,1,1,0,0,0,0,0,-1,1,0,0,0,1,1,-1,0,-1,0,-1,0,0,0,1,0,0,0,0,0,0,0,0,0,0,0,7,-3,-30,138,0,-7,10,17,13,-168,-128,-3,0,-20,0,-131,0,138,-30,-17,148,0,-24,-40,-239,0,0,-50,17,13,91,-124,155,-3,131,121,-84,141,-3,0,151,185,37,-124,0,37,17,-111,-165,-71,-50,40,-7,-256,-50,7,44,141,13,-108,-195,10,131,0,135,131,0,0,0,0,0,-121,131,0,0,0,131,138,-124,13,-151,0,-131,0,0,0,131,0,0,0,0,0,0,0,0,0
40: 0.609,0,0,0,0,0,1,0,0,0,0,0,-1,-1,0,0,0,0,-1,0,1,0,0,1,0,0,0,-1,0,0,0,0,0,0,-1,1,0,1,1,-1,1,0,0,1,1,0,-1,0,0,0,-1,-1,0,0,0,0,-2,0,0,0,1,0,-1,-1,0,1,0,1,1,0,0,0,0,0,-1,1,0,0,0,1,1,-1,0,-1,0,-1,0,0,0,1,0,0,0,0,0,0,0,0,0,0,0,7,-3,-30,138,0,-7,10,16,13,-168,-128,-3,0,-20,0,-132,0,138,-30,-16,148,0,-23,-39,-237,0,0,-49,16,13,89,-125,155,-3,132,122,-86,141,-3,0,151,184,36,-125,0,36,16,-112,-164,-69,-49,39,-7,-257,-49,7,43,141,13,-109,-194,10,132,0,135,132,0,0,0,0,0,-122,132,0,0,0,132,138,-125,13,-151,0,-132,0,0,0,132,0,0,0,0,0,0,0,0,0
41: 0.609,0,0,0,0,0,1,0,0,0,0,0,-1,-1,0,0,0,0,-1,0,1,0,0,1,0,0,0,-1,0,0,0,0,0,0,-1,1,0,1,1,-1,1,0,0,1,1,0,-1,0,0,0,-1,-1,0,0,0,0,-2,0,0,0,1,0,-1,-1,0,1,0,1,1,0,0,0,0,0,-1,1,0,0,0,1,1,-1,0,-1,0,-1,0,0,0,1,0,0,0,0,0,0,0,0,0,0,0,6,-3,-29,138,0,-6,10,16,13,-167,-129,-3,0,-19,0,-132,0,138,-29,-16,148,0,-23,-39,-235,0,0,-48,16,13,87,-126,154,-3,132,122,-87,142,-3,0,151,183,35,-126,0,35,16,-113,-164,-68,-48,39,-6,-257,-48,6,42,142,13,-109,-193,10,132,0,135,132,0,0,0,0,0,-122,132,0,0,0,132,138,-126,13,-151,0,-132,0,0,0,132,0,0,0,0,0,0,0,0,0
42: 0.609,0,0,0,0,0,1,0,0,0,0,0,-1,-1,0,0,0,0,-1,0,1,0,0,1,0,0,0,-1,0,0,0,0,0,0,-1,1,0,1,1,-1,1,0,0,1,1,0,-1,0,0,0,-1,-1,0,0,0,0,-2,0,0,0,1,0,-1,-1,0,1,0,1,1,0,0,0,0,0,-1,1,0,0,0,1,1,-1,0,-1,0,-1,0,0,0,1,0,0,0,0,0,0,0,0,0,0,0,6,-3,-28,139,0,-6,9,16,13,-167,-129,-3,0,-19,0,-132,0,139,-28,-16,148,0,-22,-38,-233,0,0,-47,16,13,85,-126,154,-3,132,123,-88,142,-3,0,151,183,35,-126,0,35,16,-113,-164,-66,-47,38,-6,-258,-47,6,41,142,13,-110,-192,9,132,0,135,132,0,0,0,0,0,-123,132,0,0,0,132,139,-126,13,-151,0,-132,0,0,0,132,0,0,0,0,0,0,0,0,0
43: 0.609,0,0,0,0,0,1,0,0,0,0,0,-1,-1,0,0,0,0,-1,0,1,0,0,1,0,0,0,-1,0,0,0,0,0,0,-1,1,0,1,1,-1,1,0,0,1,1,0,-1,0,0,0,-1,-1,0,0,0,0,-2,0,0,0,1,0,-1,-1,0,1,0,1,1,0,0,0,0,0,-1,1,0,0,0,1,1,-1,0,-1,0,-1,0,0,0,1,0,0,0,0,0,0,0,0,0,0,0,6,-3,-28,139,0,-6,9,15,12,-167,-130,-3,0,-19,0,-133,0,139,-28,-15,148,0,-22,-37,-231,0,0,-46,15,12,83,-127,154,-3,133,123,-89,142,-3,0,151,182,34,-127,0,34,15,-114,-164,-65,-46,37,-6,-259,-46,6,40,142,12,-111,-191,9,133,0,136,133,0,0,0,0,0,-123,133,0,0,0,133,139,-127,12,-151,0,-133,0,0,0,133,0,0,0,0,0,0,0,0,0
44: 0.609,0,0,0,0,0,1,0,0,0,0,0,-1,-1,0,0,0,0,-1,0,1,0,0,1,0,0,0,-1,0,0,0,0,0,0,-1,1,0,1,1,-1,1,0,0,1,1,0,-1,0,0,0,-1,-1,0,0,0,0,-2,0,0,0,1,0,-1,-1,0,1,0,1,1,0,0,0,0,0,-1,1,0,0,0,1,1,-1,0,-1,0,-1,0,0,0,1,0,0,0,0,0,0,0,0,0,0,0,6,-3,-27,139,0,-6,9,15,12,-166,-130,-3,0,-18,0,-133,0,139,-27,-15,148,0,-21,-36,-230,0,0,-45,15,12,82,-127,154,-3,133,124,-91,142,-3,0,151,181,33,-127,0,33,15,-115,-163,-63,-45,36,-6,-260,-45,6,39,142,12,-112,-190,9,133,0,136,133,0,0,0,0,0,-124,133,0,0,0,133,139,-127,12,-151,0,-133,0,0,0,133,0,0,0,0,0,0,0,0,0
45: 0.609,0,0,0,0,0,1,0,0,0,0,0,-1,-1,0,0,0,0,-1,-1,1,0,0,1,0,0,0,-1,0,0,0,0,0,0,0,1,0,1,1,-1,1,0,0,1,1,0,-1,0,0,0,-1,-1,0,0,0,0,-2,0,0,0,1,0,-1,-1,0,1,0,1,1,0,0,0,0,0,-1,1,0,0,0,1,1,-1,0,-1,0,-1,0,0,0,1,0,0,0,0,0,0,0,0,0,0,0,6,-3,-27,139,0,-6,9,15,12,-166,-130,-3,0,-18,0,-133,0,139,-27,-15,148,0,-21,-36,-228,0,0,-44,15,12,80,-127,154,-3,133,124,-92,142,-3,0,151,181,33,-127,0,33,15,-116,-163,-62,-44,36,-6,-261,-44,6,39,142,12,-113,-190,9,133,0,136,133,0,0,0,0,0,-124,133,0,0,0,133,139,-127,12,-151,0,-133,0,0,0,133,0,0,0,0,0,0,0,0,0
46: 0.609,0,0,0,0,0,1,0,0,0,0,0,-1,-1,0,0,0,0,-1,-1,1,0,0,1,0,0,0,-1,0,0,0,0,0,0,0,1,0,1,1,-1,1,0,0,1,1,0,-1,0,0,0,-1,-1,0,0,0,0,-2,0,0,0,1,0,-1,-1,0,1,0,1,1,0,0,0,0,0,-1,1,0,0,0,1,1,-1,0,-1,0,-1,0,0,0,1,0,0,0,0,0,0,0,0,0,0,0,6,-3,-26,140,0,-6,9,15,12,-166,-131,-3,0,-17,0,-134,-3,140,-26,-15,148,0,-20,-35,-227,0,0,-44,15,12,78,-125,154,-3,134,125,-93,142,-3,0,151,180,32,-128,0,32,15,-116,-163,-61,-44,35,-6,-262,-44,6,38,142,12,-113,-189,9,134,0,137,134,0,0,0,0,0,-125,134,0,0,0,134,140,-128,12,-151,0,-134,0,0,0,134,0,0,0,0,0,0,0,0,0
47: 0.609,0,0,0,0,0,1,0,0,0,0,0,-1,-1,0,0,0,0,-1,-1,1,0,0,1,0,0,0,-1,0,0,0,0,0,0,0,1,0,1,1,-1,1,0,0,1,1,0,-1,0,0,0,-1,-1,0,0,0,0,-2,0,0,0,1,0,-1,-1,0,1,0,1,1,0,0,0,0,0,-1,1,0,0,0,1,1,-1,0,-1,0,-1,0,0,0,1,0,0,0,0,0,0,0,0,0,0,0,6,-3,-26,140,0,-6,9,14,11,-165,-131,-3,0,-17,0,-134,-6,140,-26,-14,148,0,-20,-34,-225,0,0,-43,14,11,77,-123,154,-3,134,126,-94,143,-3,0,151,180,31,-128,0,31,14,-117,-163,-60,-43,34,-6,-262,-43,6,37,143,11,-114,-188,9,134,0,137,134,0,0,0,0,0,-126,134,0,0,0,134,140,-128,11,-151,0,-134,0,0,0,134,0,0,0,0,0,0,0,0,0
48: 0.609,0,0,0,0,0,1,0,0,0,0,0,-1,-1,0,0,0,0,-1,-1,1,0,0,1,0,0,0,-1,0,0,0,0,0,0,0,1,0,1,1,-1,1,0,0,1,1,0,-1,0,0,0,-1,-1,0,0,0,0,-2,0,0,0,1,0,-1,-1,0,1,0,1,1,0,0,0,0,0,-1,1,0,0,0,1,1,-1,0,-1,0,-1,0,0,0,1,0,0,0,0,0,0,0,0,0,0,0,6,-3,-25,140,0,-6,8,14,11,-165,-132,-3,0,-17,0,-134,-8,140,-25,-14,148,0,-20,-34,-224,0,0,-42,14,11,76,-120,154,-3,134,126,-95,143,-3,0,151,179,31,-129,0,31,14,-118,-162,-59,-42,34,-6,-263,-42,6,36,143,11,-115,-188,8,134,0,137,134,0,0,0,0,0,-126,134,0,0,0,134,140,-129,11,-151,0,-134,0,0,0,134,0,0,0,0,0,0,0,0,0
49: 0.609,0,0,0,0,0,1,0,0,0,0,0,-1,-1,0,0,0,0,-1,-1,1,0,0,1,0,0,0,-1,0,0,0,0,0,0,0,1,0,1,1,-1,1,0,0,1,1,0,-1,0,0,0,-1,-1,0,0,0,0,-2,0,0,0,1,0,-1,-1,0,1,0,1,1,0,0,0,0,0,-1,1,0,0,0,1,1,-1,0,-1,0,-1,0,0,0,1,0,0,0,0,0,0,0,0,0,0,0,5,-3,-25,140,0,-5,8,14,11,-165,-132,-3,0,-16,0,-135,-11,140,-25,-14,148,0,-19,-33,-223,0,0,-41,14,11,74,-118,154,-3,135,126,-96,143,-3,0,151,179,30,-129,0,30,14,-118,-162,-58,-41,33,-5,-264,-41,5,36,143,11,-115,-187,8,135,0,137,135,0,0,0,0,0,-126,135,0,0,0,135,140,-129,11,-151,0,-135,0,0,0,135,0,0,0,0,0,0,0,0,0
